{
  "case_name": "custom",
  "generated_at_utc": "2026-03-12T10:02:30Z",
  "q_format": "Q5.10",
  "real_value_rule": "real = q5_10 / 1024.0",
  "input": {
    "a_q5_10_4x4": [
      [
        727,
        -1270,
        338,
        1894
      ],
      [
        -451,
        123,
        -1812,
        594
      ],
      [
        1034,
        -676,
        973,
        -1137
      ],
      [
        502,
        1352,
        -276,
        82
      ]
    ],
    "a_real_4x4": [
      [
        0.70996094,
        -1.24023438,
        0.33007812,
        1.84960938
      ],
      [
        -0.44042969,
        0.12011719,
        -1.76953125,
        0.58007812
      ],
      [
        1.00976562,
        -0.66015625,
        0.95019531,
        -1.11035156
      ],
      [
        0.49023438,
        1.3203125,
        -0.26953125,
        0.08007812
      ]
    ],
    "b_q5_10_4x4": [
      [
        -952,
        481,
        1311,
        -532
      ],
      [
        676,
        -1485,
        399,
        1782
      ],
      [
        -184,
        932,
        -1044,
        563
      ],
      [
        1239,
        -379,
        860,
        -1669
      ]
    ],
    "b_real_4x4": [
      [
        -0.9296875,
        0.46972656,
        1.28027344,
        -0.51953125
      ],
      [
        0.66015625,
        -1.45019531,
        0.38964844,
        1.74023438
      ],
      [
        -0.1796875,
        0.91015625,
        -1.01953125,
        0.54980469
      ],
      [
        1.20996094,
        -0.37011719,
        0.83984375,
        -1.62988281
      ]
    ]
  },
  "expected_c": {
    "c_q5_10_4x4": [
      [
        715,
        1787,
        1680,
        -5491
      ],
      [
        1543,
        -2261,
        1814,
        -1518
      ],
      [
        -2960,
        2770,
        -889,
        672
      ],
      [
        573,
        -2009,
        1517,
        1805
      ]
    ],
    "c_real_4x4": [
      [
        0.69824219,
        1.74511719,
        1.640625,
        -5.36230469
      ],
      [
        1.50683594,
        -2.20800781,
        1.77148438,
        -1.48242188
      ],
      [
        -2.890625,
        2.70507812,
        -0.86816406,
        0.65625
      ],
      [
        0.55957031,
        -1.96191406,
        1.48144531,
        1.76269531
      ]
    ]
  }
}
